                            OLS Regression Results                            
==============================================================================
Dep. Variable:                  Score   R-squared:                       0.014
Model:                            OLS   Adj. R-squared:                 -0.000
Method:                 Least Squares   F-statistic:                    0.9775
Date:                Sat, 27 Oct 2018   Prob (F-statistic):              0.609
Time:                        09:21:46   Log-Likelihood:                -56559.
No. Observations:               25483   AIC:                         1.138e+05
Df Residuals:                   25123   BIC:                         1.168e+05
Df Model:                         359                                         
Covariance Type:            nonrobust                                         
==============================================================================
                 coef    std err          t      P>|t|      [0.025      0.975]
------------------------------------------------------------------------------
const          5.6958      0.275     20.681      0.000       5.156       6.236
x1             0.0261      0.039      0.671      0.502      -0.050       0.102
x2             0.0055      0.039      0.139      0.890      -0.072       0.083
x3             0.0161      0.044      0.367      0.714      -0.070       0.102
x4             0.1613      0.133      1.211      0.226      -0.100       0.422
x5             0.0627      0.782      0.080      0.936      -1.470       1.595
x6             0.0232      0.016      1.477      0.140      -0.008       0.054
x7            -0.0021      0.004     -0.534      0.593      -0.010       0.006
x8            -0.1080      0.239     -0.453      0.651      -0.576       0.360
x9             0.0211      0.009      2.281      0.023       0.003       0.039
x10            0.0779      0.739      0.105      0.916      -1.372       1.527
x11            0.1377      0.259      0.532      0.595      -0.370       0.645
x12           -0.3991      0.278     -1.435      0.151      -0.944       0.146
x13            0.0419      0.178      0.236      0.814      -0.306       0.390
x14            0.1683      0.226      0.743      0.457      -0.275       0.612
x15            0.1521      0.146      1.044      0.296      -0.133       0.438
x16            0.7004      0.224      3.123      0.002       0.261       1.140
x17            0.4178      0.208      2.007      0.045       0.010       0.826
x18            0.6504      0.236      2.755      0.006       0.188       1.113
x19            0.0409      0.356      0.115      0.909      -0.658       0.740
x20            0.1184      0.193      0.613      0.540      -0.260       0.497
x21            0.0931      0.060      1.557      0.119      -0.024       0.210
x22           -0.1128      0.108     -1.046      0.296      -0.324       0.099
x23            0.0716      0.259      0.276      0.782      -0.436       0.580
x24            0.6495      0.519      1.252      0.211      -0.368       1.667
x25            0.0966      0.069      1.391      0.164      -0.039       0.233
x26           -0.0146      0.012     -1.206      0.228      -0.038       0.009
x27            0.0366      0.392      0.093      0.926      -0.732       0.805
x28            0.4597      0.399      1.152      0.249      -0.322       1.242
x29            0.0076      0.010      0.774      0.439      -0.012       0.027
x30           -0.0105      0.012     -0.839      0.402      -0.035       0.014
x31           -0.2052      0.429     -0.479      0.632      -1.045       0.635
x32            0.0139      0.050      0.274      0.784      -0.085       0.113
x33           -0.0041      0.004     -1.046      0.295      -0.012       0.004
x34           -0.0730      0.116     -0.630      0.529      -0.300       0.154
x35            0.1575      0.070      2.247      0.025       0.020       0.295
x36            0.1136      0.454      0.250      0.803      -0.777       1.004
x37           -0.0005      0.002     -0.283      0.777      -0.004       0.003
x38           -0.0086      0.004     -1.961      0.050      -0.017   -3.69e-06
x39            0.0180      0.017      1.073      0.283      -0.015       0.051
x40            0.1098      0.064      1.720      0.085      -0.015       0.235
x41            0.0171      0.049      0.349      0.727      -0.079       0.113
x42           -0.0105      0.020     -0.534      0.593      -0.049       0.028
x43           -0.0672      0.074     -0.905      0.365      -0.213       0.078
x44            0.0084      0.028      0.299      0.765      -0.047       0.064
x45           -0.0358      0.074     -0.486      0.627      -0.180       0.109
x46            0.0024      0.032      0.074      0.941      -0.061       0.066
x47            0.0231      0.036      0.634      0.526      -0.048       0.094
x48           -0.0063      0.025     -0.248      0.804      -0.056       0.043
x49            0.0495      0.025      1.988      0.047       0.001       0.098
x50            0.0065      0.018      0.365      0.715      -0.029       0.042
x51            0.0066      0.022      0.300      0.764      -0.036       0.049
x52           -0.0188      0.020     -0.926      0.354      -0.059       0.021
x53            0.0118      0.023      0.524      0.600      -0.032       0.056
x54           -0.0634      0.039     -1.605      0.108      -0.141       0.014
x55            0.0050      0.029      0.172      0.864      -0.052       0.062
x56           -0.0084      0.023     -0.370      0.711      -0.053       0.036
x57           -0.0050      0.025     -0.200      0.841      -0.054       0.044
x58            0.0297      0.031      0.958      0.338      -0.031       0.090
x59           -0.0248      0.023     -1.061      0.289      -0.071       0.021
x60            0.1792      0.659      0.272      0.786      -1.112       1.470
x61            0.2497      0.105      2.379      0.017       0.044       0.455
x62            0.0026      0.037      0.071      0.943      -0.070       0.075
x63           -0.0974      0.114     -0.855      0.392      -0.321       0.126
x64           -0.0128      0.036     -0.350      0.726      -0.084       0.059
x65            0.0617      0.045      1.373      0.170      -0.026       0.150
x66           -0.0187      0.013     -1.397      0.162      -0.045       0.008
x67           -0.0052      0.015     -0.335      0.737      -0.035       0.025
x68            0.0016      0.016      0.099      0.921      -0.030       0.034
x69            0.0042      0.006      0.756      0.450      -0.007       0.015
x70           -0.0049      0.006     -0.882      0.378      -0.016       0.006
x71           -0.0620      0.045     -1.385      0.166      -0.150       0.026
x72            0.0045      0.004      1.029      0.303      -0.004       0.013
x73           -0.0107      0.017     -0.619      0.536      -0.045       0.023
x74            0.0145      0.065      0.223      0.824      -0.113       0.142
x75           -0.0178      0.050     -0.353      0.724      -0.117       0.081
x76           -0.0105      0.020     -0.534      0.593      -0.049       0.028
x77           -0.0211      0.080     -0.266      0.791      -0.177       0.135
x78            0.0176      0.029      0.607      0.544      -0.039       0.075
x79            0.0063      0.071      0.089      0.929      -0.133       0.145
x80           -0.0099      0.034     -0.293      0.770      -0.076       0.056
x81           -0.0380      0.038     -1.009      0.313      -0.112       0.036
x82            0.0163      0.026      0.626      0.531      -0.035       0.068
x83           -0.0384      0.026     -1.486      0.137      -0.089       0.012
x84           -0.0018      0.018     -0.098      0.922      -0.038       0.034
x85           -0.0141      0.022     -0.628      0.530      -0.058       0.030
x86           -0.0123      0.021     -0.595      0.552      -0.053       0.028
x87           -0.0103      0.023     -0.443      0.658      -0.056       0.035
x88            0.0366      0.041      0.897      0.370      -0.043       0.117
x89           -0.0266      0.030     -0.894      0.371      -0.085       0.032
x90           -0.0330      0.022     -1.469      0.142      -0.077       0.011
x91            0.0316      0.026      1.207      0.227      -0.020       0.083
x92           -0.0013      0.031     -0.041      0.968      -0.062       0.060
x93            0.0042      0.024      0.177      0.860      -0.043       0.051
x94           -1.4486      0.661     -2.191      0.028      -2.745      -0.153
x95           -0.1922      0.108     -1.785      0.074      -0.403       0.019
x96           -0.0166      0.037     -0.447      0.655      -0.089       0.056
x97            0.0728      0.109      0.667      0.505      -0.141       0.287
x98            0.0470      0.038      1.240      0.215      -0.027       0.121
x99           -0.0939      0.046     -2.022      0.043      -0.185      -0.003
x100           0.0112      0.013      0.829      0.407      -0.015       0.038
x101          -0.0042      0.015     -0.275      0.783      -0.034       0.026
x102           0.0069      0.017      0.408      0.683      -0.026       0.040
x103           0.0005      0.006      0.082      0.934      -0.011       0.012
x104          -0.0009      0.006     -0.148      0.882      -0.012       0.010
x105          -0.0183      0.047     -0.392      0.695      -0.110       0.073
x106          -0.0195      0.017     -1.159      0.247      -0.052       0.013
x107          -0.0269      0.113     -0.237      0.812      -0.249       0.195
x108           0.1159      0.079      1.477      0.140      -0.038       0.270
x109          -0.0105      0.020     -0.534      0.593      -0.049       0.028
x110           0.0272      0.067      0.406      0.685      -0.104       0.159
x111           0.1056      0.046      2.281      0.023       0.015       0.196
x112          -0.0469      0.063     -0.741      0.459      -0.171       0.077
x113           0.0229      0.040      0.574      0.566      -0.055       0.101
x114           0.0355      0.041      0.866      0.387      -0.045       0.116
x115           0.0107      0.025      0.420      0.675      -0.039       0.061
x116          -0.0191      0.026     -0.731      0.465      -0.070       0.032
x117          -0.0023      0.018     -0.130      0.897      -0.038       0.033
x118          -0.0073      0.030     -0.248      0.804      -0.065       0.051
x119           0.0084      0.026      0.327      0.744      -0.042       0.059
x120           0.0070      0.034      0.208      0.835      -0.059       0.073
x121           0.0344      0.055      0.623      0.533      -0.074       0.143
x122          -0.0344      0.054     -0.641      0.521      -0.140       0.071
x123           0.0014      0.017      0.086      0.931      -0.031       0.034
x124          -0.0010      0.024     -0.042      0.966      -0.048       0.046
x125           0.0322      0.063      0.515      0.606      -0.090       0.155
x126          -0.1928      0.161     -1.199      0.231      -0.508       0.122
x127           1.0067      0.578      1.741      0.082      -0.127       2.140
x128          -0.0729      0.060     -1.206      0.228      -0.191       0.046
x129          -0.0167      0.243     -0.069      0.945      -0.494       0.460
x130           0.0066      0.088      0.075      0.940      -0.165       0.179
x131           0.0378      0.049      0.774      0.439      -0.058       0.134
x132          -0.0524      0.062     -0.839      0.402      -0.175       0.070
x133           0.0134      0.065      0.206      0.837      -0.114       0.141
x134           0.0107      0.012      0.886      0.375      -0.013       0.034
x135          -0.0203      0.019     -1.046      0.295      -0.058       0.018
x136           0.0180      0.018      0.985      0.325      -0.018       0.054
x137           0.0016      0.007      0.228      0.820      -0.012       0.015
x138           0.0120      0.116      0.103      0.918      -0.215       0.239
x139          -0.1357      0.221     -0.614      0.539      -0.569       0.297
x140          -0.0241      0.172     -0.140      0.888      -0.361       0.313
x141          -0.0470      0.380     -0.124      0.901      -0.791       0.697
x142           0.0208      0.301      0.069      0.945      -0.570       0.612
x143          -0.0021      0.099     -0.021      0.983      -0.196       0.191
x144           0.1380      0.260      0.532      0.595      -0.371       0.647
x145           0.0263      0.131      0.200      0.841      -0.231       0.284
x146          -0.0768      0.136     -0.565      0.572      -0.344       0.190
x147          -0.1078      0.087     -1.237      0.216      -0.279       0.063
x148          -0.0714      0.092     -0.772      0.440      -0.253       0.110
x149          -0.0219      0.063     -0.351      0.726      -0.145       0.101
x150           0.0061      0.077      0.079      0.937      -0.144       0.157
x151          -0.0672      0.071     -0.953      0.341      -0.205       0.071
x152          -0.0502      0.079     -0.638      0.524      -0.204       0.104
x153           0.0150      0.139      0.108      0.914      -0.258       0.288
x154           0.0024      0.104      0.023      0.982      -0.202       0.207
x155          -0.0265      0.073     -0.363      0.717      -0.169       0.116
x156          -0.0878      0.098     -0.893      0.372      -0.280       0.105
x157          -0.0506      0.112     -0.452      0.651      -0.270       0.169
x158           0.1282      0.082      1.565      0.118      -0.032       0.289
x159           0.1729      1.889      0.092      0.927      -3.530       3.876
x160           0.6492      0.352      1.845      0.065      -0.041       1.339
x161           0.0246      0.135      0.182      0.855      -0.239       0.289
x162          -0.0886      0.406     -0.218      0.827      -0.884       0.707
x163          -0.1215      0.124     -0.982      0.326      -0.364       0.121
x164          -0.1699      0.166     -1.025      0.305      -0.495       0.155
x165           0.0752      0.049      1.546      0.122      -0.020       0.170
x166           0.0581      0.050      1.163      0.245      -0.040       0.156
x167          -0.0021      0.057     -0.037      0.970      -0.114       0.109
x168          -0.0004      0.020     -0.020      0.984      -0.040       0.039
x169          -0.0106      0.020     -0.543      0.587      -0.049       0.028
x170           0.2410      0.162      1.486      0.137      -0.077       0.559
x171        5.551e-15   4.34e-15      1.280      0.201   -2.95e-15     1.4e-14
x172        4.011e-15   6.42e-15      0.625      0.532   -8.56e-15    1.66e-14
x173        1.383e-15   5.83e-15      0.237      0.812      -1e-14    1.28e-14
x174        1.513e-15   7.76e-15      0.195      0.845   -1.37e-14    1.67e-14
x175        4.768e-15   8.34e-15      0.571      0.568   -1.16e-14    2.11e-14
x176           0.2232      0.478      0.467      0.641      -0.714       1.161
x177        1.037e-14   1.54e-14      0.674      0.500   -1.98e-14    4.05e-14
x178           0.4925      0.317      1.555      0.120      -0.128       1.113
x179          -0.0961      0.352     -0.273      0.785      -0.786       0.594
x180           0.0051      0.235      0.022      0.983      -0.455       0.466
x181          -1.0359      1.123     -0.922      0.356      -3.237       1.165
x182       -1.383e-15   4.75e-15     -0.291      0.771   -1.07e-14    7.93e-15
x183          -0.2992      0.357     -0.838      0.402      -0.999       0.401
x184           0.0008      0.009      0.085      0.933      -0.017       0.018
x185          -0.0783      0.180     -0.436      0.663      -0.430       0.274
x186       -4.747e-16   2.43e-15     -0.195      0.845   -5.25e-15     4.3e-15
x187       -1.692e-15   3.75e-15     -0.451      0.652   -9.05e-15    5.66e-15
x188       -3.032e-15   3.42e-15     -0.887      0.375   -9.73e-15    3.66e-15
x189        2.682e-15   2.65e-15      1.013      0.311   -2.51e-15    7.87e-15
x190        1.776e-15   4.74e-15      0.374      0.708   -7.52e-15    1.11e-14
x191        1.513e-15   1.81e-15      0.835      0.404   -2.04e-15    5.07e-15
x192        3.115e-15   4.93e-15      0.632      0.527   -6.54e-15    1.28e-14
x193        5.297e-15   4.25e-15      1.245      0.213   -3.04e-15    1.36e-14
x194       -2.243e-15   2.42e-15     -0.927      0.354   -6.99e-15     2.5e-15
x195        4.096e-16   2.22e-15      0.185      0.853   -3.94e-15    4.75e-15
x196       -2.041e-15   5.29e-15     -0.386      0.700   -1.24e-14    8.32e-15
x197           0.0023      0.027      0.085      0.933      -0.050       0.055
x198       -2.089e-15   4.89e-15     -0.427      0.669   -1.17e-14    7.49e-15
x199           0.0008      0.009      0.085      0.933      -0.017       0.018
x200           0.0015      0.018      0.085      0.933      -0.033       0.036
x201           0.2829      0.499      0.567      0.571      -0.695       1.261
x202        4.681e-17   2.32e-15      0.020      0.984    -4.5e-15    4.59e-15
x203        9.681e-15   1.19e-14      0.814      0.415   -1.36e-14     3.3e-14
x204       -2.075e-15   9.12e-15     -0.227      0.820      -2e-14    1.58e-14
x205       -4.079e-15   2.38e-15     -1.711      0.087   -8.75e-15    5.94e-16
x206          -0.3374      0.382     -0.884      0.377      -1.085       0.410
x207           0.7708      0.417      1.849      0.064      -0.046       1.588
x208          -0.1748      0.256     -0.684      0.494      -0.676       0.326
x209          -0.3932      0.280     -1.402      0.161      -0.943       0.156
x210          -0.2055      0.184     -1.120      0.263      -0.565       0.154
x211        8.736e-15    1.2e-14      0.725      0.468   -1.49e-14    3.23e-14
x212        2.823e-15   4.65e-15      0.607      0.544    -6.3e-15    1.19e-14
x213        1.255e-15   1.62e-15      0.776      0.438   -1.92e-15    4.42e-15
x214           0.0232      0.016      1.477      0.140      -0.008       0.054
x215           0.3244      0.292      1.112      0.266      -0.248       0.896
x216        3.448e-15    1.7e-14      0.202      0.840      -3e-14    3.69e-14
x217        4.884e-15   1.65e-14      0.296      0.767   -2.74e-14    3.72e-14
x218        5.907e-15   7.45e-15      0.793      0.428    -8.7e-15    2.05e-14
x219       -2.271e-16   1.95e-15     -0.116      0.907   -4.06e-15     3.6e-15
x220       -2.066e-15   1.16e-15     -1.774      0.076   -4.35e-15    2.16e-16
x221        2.821e-15   2.83e-15      0.996      0.319   -2.73e-15    8.37e-15
x222        -7.73e-15   1.75e-14     -0.442      0.659    -4.2e-14    2.66e-14
x223        -7.49e-15   1.13e-14     -0.665      0.506   -2.96e-14    1.46e-14
x224        4.129e-16   1.77e-15      0.233      0.816   -3.06e-15    3.88e-15
x225       -6.309e-15   1.22e-14     -0.517      0.605   -3.02e-14    1.76e-14
x226          -0.0728      0.101     -0.721      0.471      -0.271       0.125
x227        5.896e-15   8.08e-15      0.730      0.466   -9.94e-15    2.17e-14
x228       -2.266e-15   2.98e-15     -0.761      0.446    -8.1e-15    3.57e-15
x229       -1.237e-14   2.37e-14     -0.523      0.601   -5.88e-14     3.4e-14
x230       -1.527e-15   5.44e-15     -0.281      0.779   -1.22e-14    9.14e-15
x231       -7.657e-15   1.62e-14     -0.472      0.637   -3.94e-14    2.41e-14
x232        8.542e-15   1.51e-14      0.567      0.571    -2.1e-14    3.81e-14
x233       -4.439e-15    4.5e-15     -0.985      0.324   -1.33e-14    4.39e-15
x234       -1.138e-15    4.1e-15     -0.278      0.781   -9.17e-15     6.9e-15
x235        6.075e-15    9.6e-15      0.633      0.527   -1.27e-14    2.49e-14
x236        5.004e-15   4.17e-15      1.200      0.230   -3.17e-15    1.32e-14
x237       -4.213e-15   9.14e-15     -0.461      0.645   -2.21e-14    1.37e-14
x238       -3.725e-15   5.76e-15     -0.646      0.518    -1.5e-14    7.57e-15
x239        8.844e-15   1.44e-14      0.614      0.539   -1.94e-14    3.71e-14
x240          -0.0021      0.004     -0.534      0.593      -0.010       0.006
x241         9.11e-16   1.62e-15      0.564      0.573   -2.26e-15    4.08e-15
x242        2.938e-15   9.53e-15      0.308      0.758   -1.57e-14    2.16e-14
x243        4.106e-15   6.68e-15      0.614      0.539   -8.99e-15    1.72e-14
x244        1.438e-16   1.93e-15      0.074      0.941   -3.65e-15    3.94e-15
x245        -3.91e-15   6.07e-15     -0.644      0.520   -1.58e-14    7.99e-15
x246        7.888e-15   1.44e-14      0.548      0.584   -2.03e-14    3.61e-14
x247        1.013e-15    2.3e-15      0.441      0.659   -3.49e-15    5.52e-15
x248           0.2320      0.235      0.988      0.323      -0.228       0.692
x249        2.571e-15    1.9e-15      1.355      0.175   -1.15e-15    6.29e-15
x250        5.586e-16   1.14e-15      0.489      0.625   -1.68e-15     2.8e-15
x251           0.0271      0.115      0.236      0.814      -0.198       0.252
x252           0.0356      0.044      0.801      0.423      -0.051       0.123
x253        6.917e-15   7.92e-15      0.873      0.383   -8.61e-15    2.24e-14
x254       -1.967e-15   2.09e-15     -0.941      0.347   -6.06e-15    2.13e-15
x255           0.0356      0.044      0.801      0.423      -0.051       0.123
x256        5.171e-16    1.5e-15      0.345      0.730   -2.42e-15    3.45e-15
x257       -6.588e-16   1.59e-15     -0.413      0.679   -3.78e-15    2.46e-15
x258        2.738e-15   4.13e-15      0.663      0.507   -5.35e-15    1.08e-14
x259        2.951e-15   5.07e-15      0.582      0.560   -6.99e-15    1.29e-14
x260        1.588e-15   3.72e-15      0.427      0.670    -5.7e-15    8.88e-15
x261        2.861e-15   2.48e-15      1.152      0.250   -2.01e-15    7.73e-15
x262        -4.03e-15   3.22e-15     -1.253      0.210   -1.03e-14    2.27e-15
x263           1.2909      0.637      2.027      0.043       0.043       2.539
x264           0.6706      0.493      1.361      0.173      -0.295       1.636
x265           0.5398      0.373      1.449      0.147      -0.191       1.270
x266          -0.3308      0.402     -0.822      0.411      -1.119       0.458
x267           0.0501      0.343      0.146      0.884      -0.622       0.722
x268          -0.1353      0.238     -0.569      0.569      -0.602       0.331
x269        6.646e-17   9.37e-16      0.071      0.943   -1.77e-15     1.9e-15
x270       -1.468e-16    8.5e-16     -0.173      0.863   -1.81e-15    1.52e-15
x271        4.479e-16   1.21e-15      0.371      0.710   -1.92e-15    2.81e-15
x272       -2.037e-15   1.74e-15     -1.168      0.243   -5.46e-15    1.38e-15
x273        2.409e-15   8.92e-16      2.700      0.007     6.6e-16    4.16e-15
x274           0.1093      0.086      1.267      0.205      -0.060       0.278
x275        5.099e-16   1.23e-15      0.414      0.679    -1.9e-15    2.92e-15
x276        2.795e-15   1.94e-15      1.442      0.149      -1e-15    6.59e-15
x277         3.37e-15   1.75e-15      1.930      0.054   -5.18e-17    6.79e-15
x278        2.363e-15   1.67e-15      1.413      0.158   -9.15e-16    5.64e-15
x279        2.305e-15   1.62e-15      1.426      0.154   -8.63e-16    5.47e-15
x280       -5.516e-16   7.51e-16     -0.734      0.463   -2.02e-15    9.21e-16
x281       -4.012e-17   6.34e-16     -0.063      0.950   -1.28e-15     1.2e-15
x282       -2.987e-16   5.71e-16     -0.523      0.601   -1.42e-15     8.2e-16
x283        6.065e-16   8.27e-16      0.733      0.463   -1.01e-15    2.23e-15
x284        2.794e-15   1.37e-15      2.046      0.041    1.17e-16    5.47e-15
x285       -4.995e-16   6.27e-16     -0.796      0.426   -1.73e-15     7.3e-16
x286        4.802e-16   7.89e-16      0.609      0.543   -1.07e-15    2.03e-15
x287           0.0176      0.098      0.179      0.858      -0.175       0.210
x288            6e-16   4.72e-16      1.272      0.203   -3.24e-16    1.52e-15
x289        1.692e-15   1.84e-15      0.918      0.359   -1.92e-15     5.3e-15
x290          -0.1018      0.221     -0.462      0.644      -0.534       0.331
x291           0.2619      0.226      1.159      0.246      -0.181       0.705
x292          -0.1337      0.151     -0.887      0.375      -0.429       0.162
x293          -0.0756      0.156     -0.484      0.629      -0.382       0.231
x294          -0.0673      0.106     -0.636      0.525      -0.274       0.140
x295          -0.2131      0.210     -1.014      0.310      -0.625       0.199
x296          -0.0499      0.080     -0.622      0.534      -0.207       0.107
x297          -0.0672      0.149     -0.451      0.652      -0.359       0.225
x298          -0.2272      0.318     -0.715      0.475      -0.851       0.396
x299          -0.0967      0.222     -0.436      0.663      -0.531       0.338
x300       -1.374e-16    1.6e-15     -0.086      0.932   -3.28e-15       3e-15
x301          -0.3479      0.180     -1.928      0.054      -0.702       0.006
x302           0.0373      0.026      1.434      0.152      -0.014       0.088
x303           0.1047      0.064      1.636      0.102      -0.021       0.230
x304       -2.236e-16   9.07e-16     -0.247      0.805      -2e-15    1.55e-15
x305        7.785e-16    1.4e-15      0.557      0.578   -1.96e-15    3.52e-15
x306          -0.0827      0.346     -0.239      0.811      -0.760       0.595
x307        8.331e-16   1.04e-15      0.800      0.424   -1.21e-15    2.87e-15
x308           0.0698      0.177      0.395      0.693      -0.276       0.416
x309          -0.0105      0.012     -0.839      0.402      -0.035       0.014
x310           0.1809      0.329      0.550      0.582      -0.463       0.825
x311          -0.0360      0.053     -0.677      0.498      -0.140       0.068
x312       -4.117e-17   1.04e-15     -0.039      0.969   -2.09e-15    2.01e-15
x313          -0.0536      0.098     -0.545      0.585      -0.246       0.139
x314          -0.1604      0.107     -1.497      0.134      -0.370       0.050
x315          -0.1369      0.183     -0.750      0.453      -0.495       0.221
x316           0.4896      0.601      0.815      0.415      -0.688       1.668
x317           1.0059      0.606      1.659      0.097      -0.183       2.195
x318           0.0995      0.404      0.246      0.805      -0.693       0.892
x319          -0.4570      0.445     -1.028      0.304      -1.328       0.415
x320          -0.5076      0.277     -1.834      0.067      -1.050       0.035
x321           0.2609      0.889      0.293      0.769      -1.483       2.004
x322          -0.2194      0.783     -0.280      0.779      -1.755       1.316
x323       -7.372e-16   6.18e-16     -1.194      0.233   -1.95e-15    4.73e-16
x324           0.3629      0.579      0.627      0.531      -0.772       1.498
x325          -0.3245      0.649     -0.500      0.617      -1.597       0.948
x326       -8.669e-16   6.18e-16     -1.404      0.160   -2.08e-15    3.44e-16
x327           0.0006      0.166      0.004      0.997      -0.324       0.325
x328        5.831e-16   7.25e-16      0.804      0.421   -8.38e-16       2e-15
x329        8.821e-16   7.62e-16      1.157      0.247   -6.12e-16    2.38e-15
x330           0.0966      0.069      1.391      0.164      -0.039       0.233
x331        1.602e-18      2e-16      0.008      0.994    -3.9e-16    3.93e-16
x332           0.1348      0.108      1.247      0.212      -0.077       0.347
x333        1.208e-15   1.41e-15      0.854      0.393   -1.57e-15    3.98e-15
x334        1.425e-16   1.82e-16      0.782      0.434   -2.15e-16       5e-16
x335        4.137e-16   2.36e-16      1.755      0.079   -4.84e-17    8.76e-16
x336           0.3661      0.204      1.796      0.073      -0.034       0.766
x337        2.544e-16   3.06e-16      0.832      0.406   -3.45e-16    8.54e-16
x338        -8.77e-16   3.67e-16     -2.389      0.017    -1.6e-15   -1.58e-16
x339           0.0776      0.194      0.400      0.689      -0.302       0.457
x340           0.2666      0.609      0.438      0.661      -0.926       1.460
x341        1.103e-16   2.04e-16      0.540      0.589    -2.9e-16    5.11e-16
x342        5.741e-17      2e-16      0.287      0.774   -3.34e-16    4.49e-16
x343       -1.949e-16    1.8e-16     -1.084      0.279   -5.47e-16    1.58e-16
x344           0.0892      0.214      0.417      0.677      -0.330       0.508
x345           0.0423      0.137      0.309      0.757      -0.226       0.311
x346          -0.2351      0.171     -1.374      0.170      -0.571       0.100
x347           0.1135      0.157      0.723      0.470      -0.194       0.421
x348          -0.2040      0.176     -1.157      0.247      -0.550       0.141
x349          -0.2554      0.311     -0.822      0.411      -0.865       0.354
x350           0.1798      0.235      0.766      0.444      -0.281       0.640
x351           0.0727      0.145      0.502      0.615      -0.211       0.356
x352          -0.2355      0.207     -1.138      0.255      -0.641       0.170
x353          -0.1738      0.250     -0.695      0.487      -0.664       0.316
x354           0.1955      0.186      1.051      0.293      -0.169       0.560
x355        3.246e-18   1.15e-16      0.028      0.977   -2.22e-16    2.28e-16
x356           1.7900      0.849      2.107      0.035       0.125       3.455
x357          -0.1489      0.323     -0.461      0.645      -0.782       0.484
x358          -2.3588      1.339     -1.761      0.078      -4.984       0.267
x359          -0.3560      0.285     -1.248      0.212      -0.915       0.203
x360           0.0821      0.359      0.229      0.819      -0.622       0.786
x361           0.0424      0.108      0.392      0.695      -0.170       0.254
x362          -0.0703      0.116     -0.608      0.543      -0.297       0.156
x363           0.0279      0.120      0.232      0.817      -0.208       0.264
x364          -0.0005      0.044     -0.012      0.990      -0.087       0.086
x365          -0.0102      0.043     -0.234      0.815      -0.095       0.075
x366          -0.0980      0.343     -0.286      0.775      -0.771       0.575
x367                0          0        nan        nan           0           0
x368           0.0967      0.222      0.436      0.663      -0.338       0.532
x369          -0.1380      0.147     -0.941      0.347      -0.426       0.150
x370           0.0022      0.181      0.012      0.990      -0.353       0.358
x371          -0.0602      0.166     -0.362      0.717      -0.386       0.265
x372           0.6758      0.190      3.558      0.000       0.304       1.048
x373          -0.3522      0.346     -1.019      0.308      -1.030       0.325
x374          -0.3349      0.250     -1.340      0.180      -0.825       0.155
x375           1.3188      1.223      1.078      0.281      -1.079       3.716
x376           0.1519      0.170      0.893      0.372      -0.182       0.485
x377          -0.2682      0.275     -0.976      0.329      -0.807       0.270
x378           0.2445      0.194      1.260      0.208      -0.136       0.625
x379          -1.6803      4.935     -0.340      0.733     -11.353       7.993
x380           0.0902      0.820      0.110      0.912      -1.516       1.697
x381          -0.1180      0.321     -0.367      0.713      -0.748       0.512
x382          -2.0069      0.960     -2.090      0.037      -3.889      -0.125
x383          -0.1086      0.307     -0.354      0.724      -0.711       0.494
x384          -0.0729      0.400     -0.182      0.855      -0.858       0.712
x385           0.1372      0.122      1.120      0.263      -0.103       0.377
x386          -0.0067      0.127     -0.053      0.958      -0.256       0.243
x387           0.0975      0.217      0.450      0.653      -0.327       0.522
x388           0.0256      0.046      0.556      0.578      -0.065       0.116
x389           0.0096      0.048      0.202      0.840      -0.084       0.103
x390          -0.4570      0.400     -1.143      0.253      -1.241       0.327
x391          -0.0532      0.153     -0.347      0.729      -0.354       0.248
x392          -0.0305      0.095     -0.320      0.749      -0.218       0.157
x393          -0.1117      0.117     -0.956      0.339      -0.341       0.117
x394           0.1731      0.109      1.595      0.111      -0.040       0.386
x395          -0.1021      0.119     -0.855      0.392      -0.336       0.132
x396          -0.0684      0.209     -0.328      0.743      -0.478       0.341
x397           0.0450      0.159      0.283      0.777      -0.267       0.357
x398          -0.0153      0.097     -0.158      0.874      -0.205       0.174
x399          -0.1054      0.130     -0.809      0.418      -0.361       0.150
x400          -0.0694      0.186     -0.374      0.708      -0.433       0.294
x401           0.3079      0.130      2.362      0.018       0.052       0.563
x402          -1.6553      3.580     -0.462      0.644      -8.673       5.362
x403           0.4425      0.522      0.848      0.396      -0.580       1.465
x404          -0.3214      0.234     -1.374      0.169      -0.780       0.137
x405          -0.9425      0.681     -1.385      0.166      -2.276       0.391
x406          -0.4535      0.212     -2.139      0.032      -0.869      -0.038
x407           0.0491      0.250      0.196      0.845      -0.442       0.540
x408           0.1233      0.072      1.712      0.087      -0.018       0.264
x409          -0.0096      0.079     -0.122      0.903      -0.164       0.144
x410           0.1275      0.084      1.510      0.131      -0.038       0.293
x411           0.0035      0.031      0.114      0.909      -0.057       0.064
x412          -0.0071      0.030     -0.237      0.812      -0.066       0.052
x413          -0.0930      0.239     -0.389      0.697      -0.562       0.376
x414                0          0        nan        nan           0           0
x415          -0.0196      0.122     -0.162      0.872      -0.258       0.219
x416          -0.0287      0.112     -0.257      0.797      -0.248       0.190
x417          -0.0097      0.124     -0.078      0.938      -0.253       0.234
x418           0.1439      0.227      0.634      0.526      -0.301       0.589
x419           0.0549      0.170      0.324      0.746      -0.278       0.388
x420          -0.1072      0.114     -0.944      0.345      -0.330       0.115
x421           0.1939      0.146      1.330      0.184      -0.092       0.480
x422          -0.0714      0.184     -0.387      0.699      -0.433       0.290
x423          -0.0947      0.131     -0.725      0.468      -0.351       0.161
x424                0          0        nan        nan           0           0
x425          -0.9693      0.566     -1.711      0.087      -2.080       0.141
x426          -0.0290      0.203     -0.143      0.886      -0.427       0.369
x427           0.5004      0.630      0.794      0.427      -0.735       1.735
x428          -0.0580      0.196     -0.295      0.768      -0.443       0.327
x429          -0.1348      0.273     -0.493      0.622      -0.670       0.401
x430           0.0261      0.080      0.328      0.743      -0.130       0.182
x431          -0.1081      0.080     -1.344      0.179      -0.266       0.050
x432          -0.0418      0.095     -0.440      0.660      -0.228       0.144
x433          -0.0144      0.031     -0.459      0.646      -0.076       0.047
x434          -0.0005      0.032     -0.014      0.988      -0.062       0.061
x435           0.0816      0.253      0.322      0.747      -0.415       0.578
x436          -0.1047      0.082     -1.275      0.202      -0.266       0.056
x437           0.0441      0.076      0.582      0.560      -0.104       0.193
x438          -0.1628      0.084     -1.931      0.053      -0.328       0.002
x439           0.1168      0.148      0.788      0.431      -0.174       0.407
x440          -0.1147      0.111     -1.030      0.303      -0.333       0.104
x441          -0.0879      0.079     -1.109      0.267      -0.243       0.067
x442           0.0302      0.108      0.279      0.780      -0.182       0.243
x443           0.0519      0.120      0.434      0.664      -0.183       0.286
x444          -0.1199      0.089     -1.350      0.177      -0.294       0.054
x445          -3.6825      2.569     -1.433      0.152      -8.718       1.353
x446           0.1832      0.380      0.482      0.630      -0.562       0.929
x447          -0.0169      0.148     -0.114      0.909      -0.307       0.273
x448          -0.3292      0.433     -0.760      0.447      -1.178       0.520
x449           0.0173      0.135      0.128      0.898      -0.247       0.282
x450           0.2355      0.175      1.346      0.178      -0.107       0.578
x451          -0.0632      0.052     -1.216      0.224      -0.165       0.039
x452          -0.0404      0.053     -0.765      0.444      -0.144       0.063
x453           0.0510      0.060      0.850      0.396      -0.067       0.169
x454           0.0076      0.022      0.353      0.724      -0.035       0.050
x455           0.0026      0.021      0.122      0.903      -0.039       0.044
x456           0.3081      0.174      1.766      0.077      -0.034       0.650
x457          -0.3539      0.132     -2.682      0.007      -0.613      -0.095
x458          -0.3471      0.142     -2.452      0.014      -0.625      -0.070
x459          -0.0138      0.013     -1.028      0.304      -0.040       0.013
x460           0.1615      0.139      1.163      0.245      -0.111       0.434
x461                0          0        nan        nan           0           0
x462           0.3149      0.263      1.196      0.232      -0.201       0.831
x463           0.1187      0.238      0.499      0.618      -0.348       0.585
x464           0.0840      0.325      0.259      0.796      -0.553       0.721
x465           0.0966      0.069      1.391      0.164      -0.039       0.233
x466          -0.0146      0.012     -1.206      0.228      -0.038       0.009
x467           0.0527      0.117      0.450      0.653      -0.177       0.282
x468           0.0356      0.044      0.801      0.423      -0.051       0.123
x469          -0.0025      0.067     -0.037      0.970      -0.133       0.128
x470           0.0354      0.048      0.735      0.462      -0.059       0.130
x471          -0.0220      0.227     -0.097      0.923      -0.468       0.424
x472          -0.0031      0.020     -0.154      0.878      -0.043       0.037
x473          -0.0022      0.006     -0.382      0.703      -0.013       0.009
x474          -0.0613      0.072     -0.850      0.395      -0.203       0.080
x475          -0.0765      0.089     -0.857      0.391      -0.251       0.098
x476           0.1322      0.231      0.573      0.566      -0.320       0.584
x477          -0.4702      0.137     -3.431      0.001      -0.739      -0.202
x478           0.7262      1.029      0.705      0.481      -1.291       2.744
x479           0.0727      0.276      0.264      0.792      -0.468       0.613
x480                0          0        nan        nan           0           0
x481           0.0382      0.131      0.292      0.770      -0.218       0.294
x482          -0.0995      0.176     -0.565      0.572      -0.445       0.246
x483           0.1588      0.138      1.153      0.249      -0.111       0.429
x484           0.0966      0.069      1.391      0.164      -0.039       0.233
x485                0          0        nan        nan           0           0
x486           0.2240      0.112      2.000      0.045       0.005       0.444
x487           0.4241      0.402      1.055      0.291      -0.364       1.212
x488           0.0587      0.091      0.649      0.517      -0.119       0.236
x489           0.0788      0.067      1.180      0.238      -0.052       0.210
x490          -1.0590      0.318     -3.327      0.001      -1.683      -0.435
x491          -0.0360      0.053     -0.677      0.498      -0.140       0.068
x492                0          0        nan        nan           0           0
x493          -0.0398      0.083     -0.480      0.631      -0.202       0.122
x494          -0.0964      0.086     -1.122      0.262      -0.265       0.072
x495                0          0        nan        nan           0           0
x496          -0.1001      0.161     -0.621      0.535      -0.416       0.216
x497           0.2335      0.211      1.106      0.269      -0.180       0.647
x498           0.0935      0.060      1.566      0.117      -0.024       0.210
x499           0.1252      0.095      1.316      0.188      -0.061       0.312
x500          -0.2427      0.213     -1.138      0.255      -0.661       0.175
x501           0.2461      0.105      2.342      0.019       0.040       0.452
x502                0          0        nan        nan           0           0
x503          -0.0146      0.012     -1.206      0.228      -0.038       0.009
x504           0.0105      0.034      0.311      0.756      -0.056       0.077
x505                0          0        nan        nan           0           0
x506           0.0688      0.103      0.670      0.503      -0.132       0.270
x507                0          0        nan        nan           0           0
x508          -0.0243      0.227     -0.107      0.915      -0.469       0.420
x509           0.0170      0.046      0.370      0.711      -0.073       0.107
x510                0          0        nan        nan           0           0
x511           0.0475      0.100      0.474      0.636      -0.149       0.244
x512          -0.1248      0.062     -2.020      0.043      -0.246      -0.004
x513          -0.0967      0.229     -0.422      0.673      -0.546       0.352
x514          -0.0525      0.175     -0.300      0.764      -0.395       0.290
x515                0          0        nan        nan           0           0
x516          -0.4822      0.301     -1.599      0.110      -1.073       0.109
x517          -0.2287      0.358     -0.639      0.523      -0.930       0.473
x518           0.3942      0.189      2.091      0.037       0.025       0.764
x519                0          0        nan        nan           0           0
x520          -0.0146      0.012     -1.206      0.228      -0.038       0.009
x521          -0.0266      0.312     -0.085      0.932      -0.638       0.585
x522                0          0        nan        nan           0           0
x523           0.0100      0.067      0.151      0.880      -0.121       0.141
x524                0          0        nan        nan           0           0
x525           0.1161      0.181      0.641      0.522      -0.239       0.471
x526           0.0023      0.027      0.085      0.933      -0.050       0.055
x527                0          0        nan        nan           0           0
x528          -0.1343      0.128     -1.051      0.293      -0.385       0.116
x529          -0.0568      0.048     -1.185      0.236      -0.151       0.037
x530           0.0008      0.009      0.085      0.933      -0.017       0.018
x531          -0.0004      0.001     -0.553      0.580      -0.002       0.001
x532          -0.1679      0.122     -1.375      0.169      -0.407       0.071
x533          -0.2182      0.343     -0.636      0.525      -0.891       0.454
x534           0.4047      0.202      2.003      0.045       0.009       0.801
x535                0          0        nan        nan           0           0
x536                0          0        nan        nan           0           0
x537           0.0105      0.034      0.311      0.756      -0.056       0.077
x538                0          0        nan        nan           0           0
x539           0.0100      0.067      0.151      0.880      -0.121       0.141
x540                0          0        nan        nan           0           0
x541          -0.0623      0.102     -0.613      0.540      -0.261       0.137
x542           0.0023      0.027      0.085      0.933      -0.050       0.055
x543          -0.0019      0.003     -0.553      0.580      -0.009       0.005
x544          -0.1545      0.319     -0.485      0.628      -0.779       0.470
x545           0.0078      0.051      0.155      0.877      -0.091       0.107
x546          -0.0773      0.181     -0.427      0.669      -0.432       0.277
x547                0          0        nan        nan           0           0
x548                0          0        nan        nan           0           0
x549                0          0        nan        nan           0           0
x550                0          0        nan        nan           0           0
x551                0          0        nan        nan           0           0
x552                0          0        nan        nan           0           0
x553                0          0        nan        nan           0           0
x554                0          0        nan        nan           0           0
x555                0          0        nan        nan           0           0
x556                0          0        nan        nan           0           0
x557                0          0        nan        nan           0           0
x558          -0.0019      0.003     -0.553      0.580      -0.009       0.005
x559                0          0        nan        nan           0           0
x560          -0.0019      0.003     -0.553      0.580      -0.009       0.005
x561                0          0        nan        nan           0           0
x562                0          0        nan        nan           0           0
x563                0          0        nan        nan           0           0
x564           0.4828      0.347      1.391      0.164      -0.197       1.163
x565                0          0        nan        nan           0           0
x566           0.1348      0.108      1.247      0.212      -0.077       0.347
x567                0          0        nan        nan           0           0
x568                0          0        nan        nan           0           0
x569          -0.0459      0.045     -1.009      0.313      -0.135       0.043
x570           0.1666      0.139      1.198      0.231      -0.106       0.439
x571                0          0        nan        nan           0           0
x572                0          0        nan        nan           0           0
x573          -0.1846      0.111     -1.656      0.098      -0.403       0.034
x574           0.0750      0.126      0.595      0.552      -0.172       0.322
x575                0          0        nan        nan           0           0
x576           0.0135      0.142      0.095      0.924      -0.264       0.292
x577                0          0        nan        nan           0           0
x578                0          0        nan        nan           0           0
x579           0.0105      0.034      0.311      0.756      -0.056       0.077
x580                0          0        nan        nan           0           0
x581                0          0        nan        nan           0           0
x582                0          0        nan        nan           0           0
x583          -0.1871      0.209     -0.893      0.372      -0.598       0.223
x584                0          0        nan        nan           0           0
x585                0          0        nan        nan           0           0
x586           0.0255      0.090      0.284      0.777      -0.151       0.202
x587          -0.2344      0.144     -1.627      0.104      -0.517       0.048
x588                0          0        nan        nan           0           0
x589                0          0        nan        nan           0           0
x590                0          0        nan        nan           0           0
x591          -0.0159      0.229     -0.070      0.944      -0.464       0.432
x592           0.1778      0.222      0.801      0.423      -0.257       0.613
x593                0          0        nan        nan           0           0
x594           0.0788      0.067      1.180      0.238      -0.052       0.210
x595           0.3632      0.194      1.874      0.061      -0.017       0.743
x596           0.0306      0.048      0.635      0.526      -0.064       0.125
x597                0          0        nan        nan           0           0
x598           0.0336      0.071      0.473      0.636      -0.105       0.173
x599           0.1400      0.070      1.999      0.046       0.003       0.277
x600                0          0        nan        nan           0           0
x601                0          0        nan        nan           0           0
x602                0          0        nan        nan           0           0
x603                0          0        nan        nan           0           0
x604                0          0        nan        nan           0           0
x605                0          0        nan        nan           0           0
x606           0.0966      0.069      1.391      0.164      -0.039       0.233
x607                0          0        nan        nan           0           0
x608                0          0        nan        nan           0           0
x609                0          0        nan        nan           0           0
x610                0          0        nan        nan           0           0
x611                0          0        nan        nan           0           0
x612                0          0        nan        nan           0           0
x613                0          0        nan        nan           0           0
x614                0          0        nan        nan           0           0
x615                0          0        nan        nan           0           0
x616                0          0        nan        nan           0           0
x617                0          0        nan        nan           0           0
x618                0          0        nan        nan           0           0
x619                0          0        nan        nan           0           0
x620          -0.0583      0.048     -1.206      0.228      -0.153       0.036
x621                0          0        nan        nan           0           0
x622                0          0        nan        nan           0           0
x623                0          0        nan        nan           0           0
x624           0.0788      0.067      1.180      0.238      -0.052       0.210
x625           0.4337      0.256      1.695      0.090      -0.068       0.935
x626                0          0        nan        nan           0           0
x627                0          0        nan        nan           0           0
x628           0.0735      0.236      0.311      0.756      -0.389       0.536
x629          -0.4250      0.201     -2.110      0.035      -0.820      -0.030
x630                0          0        nan        nan           0           0
x631                0          0        nan        nan           0           0
x632                0          0        nan        nan           0           0
x633           0.0356      0.044      0.801      0.423      -0.051       0.123
x634                0          0        nan        nan           0           0
x635                0          0        nan        nan           0           0
x636                0          0        nan        nan           0           0
x637                0          0        nan        nan           0           0
x638                0          0        nan        nan           0           0
x639                0          0        nan        nan           0           0
x640                0          0        nan        nan           0           0
x641                0          0        nan        nan           0           0
x642                0          0        nan        nan           0           0
x643                0          0        nan        nan           0           0
x644                0          0        nan        nan           0           0
x645                0          0        nan        nan           0           0
x646           0.0856      0.064      1.335      0.182      -0.040       0.211
x647                0          0        nan        nan           0           0
x648                0          0        nan        nan           0           0
x649          -0.0918      0.091     -1.009      0.313      -0.270       0.086
x650                0          0        nan        nan           0           0
x651                0          0        nan        nan           0           0
x652                0          0        nan        nan           0           0
x653                0          0        nan        nan           0           0
x654          -0.0103      0.063     -0.164      0.869      -0.134       0.113
x655           0.0229      0.100      0.230      0.818      -0.173       0.219
x656                0          0        nan        nan           0           0
x657                0          0        nan        nan           0           0
x658           0.0221      0.045      0.489      0.625      -0.066       0.110
x659           0.0045      0.053      0.085      0.933      -0.100       0.109
x660           0.0023      0.027      0.085      0.933      -0.050       0.055
x661                0          0        nan        nan           0           0
x662          -0.0094      0.017     -0.553      0.580      -0.043       0.024
x663                0          0        nan        nan           0           0
x664           0.0268      0.028      0.952      0.341      -0.028       0.082
x665           0.0008      0.009      0.085      0.933      -0.017       0.018
x666           0.0097      0.053      0.185      0.853      -0.093       0.113
==============================================================================
Omnibus:                     1292.450   Durbin-Watson:                   1.998
Prob(Omnibus):                  0.000   Jarque-Bera (JB):             1498.232
Skew:                          -0.592   Prob(JB):                         0.00
Kurtosis:                       3.089   Cond. No.                     1.31e+16
==============================================================================

Warnings:
[1] Standard Errors assume that the covariance matrix of the errors is correctly specified.
[2] The smallest eigenvalue is 4.31e-25. This might indicate that there are
strong multicollinearity problems or that the design matrix is singular.